qualite_consensus_a
0.500000 0.900000 0.100000 0.500000 0.700000 0.700000 0.700000 0.800000 0.900000 0.600000 0.600000 0.600000 0.600000 0.600000 0.600000 0.600000 0.600000 
qualite_consensus_b
0.750000 0.600000 0.400000 0.950000 0.800000 0.850000 0.700000 0.900000 0.450000 0.500000 0.800000 0.900000 0.850000 0.850000 0.850000 0.850000 0.850000 
qualite_consensus_c
0.833333 0.533333 0.566667 0.500000 0.766667 0.700000 0.800000 0.766667 0.866667 0.633333 0.566667 0.600000 0.533333 0.533333 0.533333 0.533333 0.533333 
qualite_consensus_d
0.625000 0.675000 0.800000 0.725000 0.800000 0.625000 0.625000 0.725000 0.650000 0.575000 0.675000 0.750000 0.675000 0.675000 0.675000 0.675000 0.675000 
qualite_consensus_global
0.677083 0.677083 0.466667 0.668750 0.766667 0.718750 0.706250 0.797917 0.716667 0.577083 0.660417 0.712500 0.664583 0.664583 0.664583 0.664583 0.664583 Kiloticks du consensus
228348
Temps en min du consensus
122
