qualite_consensus_a
0.000000 0.000000 0.000000 0.000000 0.000000 0.000000 0.000000 0.000000 0.800000 0.000000 0.000000 0.000000 0.000000 0.000000 0.000000 0.000000 0.600000 
qualite_consensus_b
0.000000 0.000000 0.000000 0.000000 0.000000 0.000000 0.000000 0.000000 0.000000 0.000000 0.000000 0.000000 0.000000 0.000000 0.000000 0.000000 0.800000 
qualite_consensus_c
0.000000 0.000000 0.000000 0.000000 0.000000 0.000000 0.000000 0.000000 0.975000 0.000000 0.000000 0.000000 0.000000 0.000000 0.000000 0.000000 0.766667 
qualite_consensus_d
0.000000 0.000000 0.000000 0.000000 0.000000 0.000000 0.000000 0.000000 0.785417 0.000000 0.000000 0.000000 0.000000 0.000000 0.000000 0.000000 0.975000 
qualite_consensus_global
0.000000 0.000000 0.000000 0.000000 0.000000 0.000000 0.000000 0.000000 0.600000 0.000000 0.000000 0.000000 0.000000 0.000000 0.000000 0.000000 0.000000 Kiloticks du consensus
436744
Temps en min du consensus
234
