qualite_consensus_a
0.000000 0.000000 0.000000 nan nan nan nan nan nan nan nan nan nan nan nan nan nan 
qualite_consensus_b
0.000000 0.000000 0.000000 0.000000 0.000000 0.000000 0.000000 0.000000 0.000000 0.000000 0.000000 0.000000 0.000000 0.000000 0.000000 0.000000 0.000000 
qualite_consensus_c
0.333333 0.343434 0.252525 0.030303 0.000000 0.000000 0.000000 0.000000 0.000000 0.000000 0.000000 0.000000 0.000000 0.000000 0.000000 0.000000 0.000000 
qualite_consensus_global
0.111111 0.114478 0.084175 nan nan nan nan nan nan nan nan nan nan nan nan nan nan Kiloticks du consensus
60610
Temps en min du consensus
32
