qualite_consensus_a
0.500000 0.800000 0.400000 0.700000 0.500000 0.100000 0.600000 0.600000 0.700000 0.600000 0.700000 0.700000 0.800000 0.700000 0.700000 0.700000 0.700000 
qualite_consensus_b
0.750000 0.250000 0.400000 1.000000 0.950000 0.850000 0.950000 0.650000 0.400000 0.600000 0.500000 0.550000 0.450000 0.700000 0.800000 0.800000 0.800000 
qualite_consensus_c
0.833333 0.600000 0.500000 0.966667 0.900000 0.900000 0.833333 0.833333 0.866667 0.933333 1.000000 0.933333 0.966667 1.000000 0.933333 0.933333 0.933333 
qualite_consensus_d
0.625000 0.475000 0.925000 0.950000 0.825000 0.775000 0.950000 0.800000 0.675000 0.850000 0.825000 0.800000 0.750000 0.775000 0.875000 0.875000 0.875000 
qualite_consensus_global
0.677083 0.531250 0.556250 0.904167 0.793750 0.656250 0.833333 0.720833 0.660417 0.745833 0.756250 0.745833 0.741667 0.793750 0.827083 0.827083 0.827083 Kiloticks du consensus
413308
Temps en min du consensus
222
