qualite_consensus_a
0.000000 0.181818 0.484848 0.727273 0.666667 0.606061 0.666667 0.848485 0.484848 0.484848 0.484848 0.484848 0.484848 0.484848 0.484848 0.484848 0.484848 
qualite_consensus_b
1.000000 0.969697 0.848485 0.787879 0.939394 0.909091 0.878788 0.878788 0.848485 0.818182 0.818182 0.818182 0.818182 0.818182 0.818182 0.818182 0.818182 
qualite_consensus_c
0.666667 0.707071 0.727273 0.949495 0.929293 0.808081 0.808081 0.969697 0.929293 0.949495 0.949495 0.949495 0.949495 0.949495 0.949495 0.949495 0.949495 
qualite_consensus_global
0.555556 0.619529 0.686869 0.821549 0.845118 0.774411 0.784512 0.898990 0.754209 0.750842 0.750842 0.750842 0.750842 0.750842 0.750842 0.750842 0.750842 Kiloticks du consensus
235318
Temps en min du consensus
126
