qualite_consensus_a
0.000000 0.000000 0.880000 0.880000 0.880000 0.880000 0.880000 0.720000 0.720000 0.880000 0.880000 0.880000 0.880000 0.880000 0.880000 0.880000 0.880000 
qualite_consensus_b
0.666667 0.826667 0.666667 0.773333 0.720000 0.720000 0.666667 0.720000 0.720000 0.613333 0.613333 0.560000 0.560000 0.666667 0.666667 0.666667 0.666667 
qualite_consensus_c
0.800000 0.944000 0.752000 0.752000 0.720000 0.720000 0.688000 0.752000 0.752000 0.752000 0.752000 0.720000 0.720000 0.688000 0.688000 0.688000 0.688000 
qualite_consensus_d
0.588571 0.680000 0.680000 0.725714 0.680000 0.680000 0.634286 0.680000 0.680000 0.657143 0.657143 0.611429 0.611429 0.634286 0.634286 0.634286 0.634286 
qualite_consensus_global
0.513810 0.612667 0.744667 0.782762 0.750000 0.750000 0.717238 0.718000 0.718000 0.725619 0.725619 0.692857 0.692857 0.717238 0.717238 0.717238 0.717238 Kiloticks du consensus
585171
Temps en min du consensus
314
