qualite_consensus_a
0.030303 0.333333 0.515152 1.000000 0.454545 0.454545 0.333333 0.333333 0.333333 0.333333 0.333333 0.515152 0.515152 0.515152 0.484848 0.484848 0.484848 
qualite_consensus_b
1.000000 0.757576 0.696970 0.363636 0.484848 0.242424 0.333333 0.363636 0.363636 0.393939 0.333333 0.363636 0.303030 0.303030 0.303030 0.303030 0.303030 
qualite_consensus_c
0.676768 0.717172 0.979798 0.595960 0.474747 0.313131 0.333333 0.353535 0.353535 0.373737 0.333333 0.414141 0.373737 0.373737 0.363636 0.363636 0.363636 
Kiloticks du consensus
374248
Temps en min du consensus
201
